"40 5
1682
172
4137
346
2663
3951
4980
3194
4566
1554
2245
4254
4878
1055
2386
2301
4401
85
3853
2360
1389
2829
2784
2593
570
638
2361
1707
4555
1616
3716
880
4272
2918
1200
2495
4783
3508
4757
286"
"20 4
1010
103
2483
208
1598
2371
2988
1916
2740
932
1347
2552
2927
633
1432
1381
2641
51
2312
1416
"
"8 1
1075
199
2500
300
1644
2392
2989
1952"
"20 6
1015737
112436
2483848
216707
1602226
2372511
2988000
1919477
2740437
938857
1352039
2553297
2926894
640583
1436424
1385628
2641515
60537
2313708
1420844"
"9 2
114183
29592
251665
39357
169105
241239
298877
198814
275693"
"100 7
127455
48907
255117
57974
178455
245436
298957
206042
277430
120770
156699
261157
293643
94833
164037
159620
268828
44394
240323
162682
112214
187063
184752
174789
69604
73128
162764
128723
276834
123994
233232
85756
262139
191706
102353
169724
288675
222387
287351
54865
73024
54785
78434
267187
254709
73441
280355
87522
271930
107710
211506
240124
158367
258992
170128
172408
120152
184535
99196
77766
295003
206228
234785
234534
187029
107071
84123
171411
196455
193225
208802
244564
279026
218936
271322
106860
295778
179129
230626
298653
46339
69471
134055
261278
146524
94859
74669
110300
249363
88776
188731
285705
180524
168049
167517
213526
72643
74237
188469
102073"
"5 4
140728
68222
258570
76591
187804"
"8 2
174365
71648
341307
83505
241056
328647
398636
277131"
"6 1
40
13
85
16
58
81"
"8 5
343
43
829
78
537
793
997
642"
